# Values sampled from the recorded mandate-check runs (every
# 96th of 386548 unique CSV cells, plus every negative and integer-valued
# value). The oracle is CPython itself: tools/pyformat_diff.py runs
# `format(value, spec)` for each of these against `netem-tools py-format`.
# Regenerate the sample with tools/pyformat_diff.py --runs <dir>.
-1.0
-0.44086
-0.232675
-0.231901
-0.229556
-0.228786
-0.005846
-0.004825
-0.004052
-0.00396
-0.003359
-0.003176
-0.003168
-0.002994
-0.002902
-0.002723
-0.002694
-0.002691
-0.002657
-0.002616
-0.002546
-0.002541
-0.002502
-0.002464
-0.002436
-0.002273
-0.002099
-0.002037
-0.002025
-0.002001
-0.001821
-0.001657
-0.001601
-0.001466
-0.001433
-0.001174
-0.001098
-0.001096
-0.000944
-0.000876
-0.000871
-0.000824
-0.000805
-0.000763
-0.000713
-0.000706
-0.000702
-0.000701
-0.000692
-0.000689
-0.000688
-0.000654
-0.000609
-0.000604
-0.000603
-0.00059
-0.000589
-0.000588
-0.000582
-0.000579
-0.000577
-0.000567
-0.000543
-0.000489
-0.000472
-0.000469
-0.000467
-0.000466
-0.000465
-0.000384
-0.000375
-0.000373
-0.000369
-0.000364
-0.000359
-0.000354
-0.000352
-0.000351
-0.000347
-0.000345
-0.000344
-0.000343
-0.000335
-0.000333
-0.000331
-0.00033
-0.000328
-0.000322
-0.000243
-0.000238
-0.000236
-0.000235
-0.000234
-0.000233
-0.000232
-0.000231
-0.00023
-0.000228
-0.000227
-0.000223
-0.000222
-0.000219
-0.000213
-0.000186
-0.000182
-0.000123
-0.000122
-0.000121
-0.00012
-0.000118
-0.000116
-0.000115
-0.000114
-0.000113
-0.000112
-0.000109
0.0
0.000699
0.065917
0.084125
0.09
0.094625
0.097833
0.100916
0.1035
0.106166
0.108625
0.111084
0.113584
0.116083
0.118541
0.121041
0.123583
0.126042
0.128459
0.130958
0.133417
0.135917
0.138375
0.140791
0.143209
0.145666
0.148042
0.150459
0.152875
0.155333
0.157709
0.160125
0.1625
0.164916
0.167292
0.169709
0.172167
0.174584
0.177084
0.179584
0.182083
0.184583
0.187208
0.189833
0.192417
0.194917
0.197625
0.200541
0.203459
0.206375
0.209167
0.212208
0.215
0.217917
0.220916
0.223958
0.226916
0.230292
0.233666
0.237417
0.241708
0.24525
0.249166
0.249953
0.250373
0.253791
0.258083
0.262792
0.267084
0.271708
0.276416
0.281
0.286167
0.291292
0.296125
0.301416
0.306875
0.312
0.317666
0.324542
0.33125
0.338291
0.345667
0.353333
0.362792
0.371834
0.381459
0.393583
0.408875
0.430959
0.451625
0.473
0.495625
0.518833
0.542917
0.569125
0.596167
0.619
0.642542
0.664333
0.688584
0.711209
0.733208
0.753
0.773917
0.796459
0.815
0.8395
0.863375
0.882708
0.900625
0.921
0.938791
0.952375
0.958251
0.963366
0.969656
0.974
0.982583
1.0
1.001
1.021875
1.039916
1.059959
1.079167
1.098
1.117
1.134792
1.153958
1.170833
1.18575
1.202
1.216
1.231833
1.244667
1.254708
1.264084
1.273958
1.283292
1.29075
1.297625
1.305291
1.313167
1.321333
1.330833
1.339292
1.348334
1.3565
1.366208
1.374333
1.38325
1.390834
1.399083
1.405542
1.411041
1.416625
1.421792
1.426959
1.432375
1.437084
1.442542
1.449458
1.455042
1.460958
1.467583
1.473833
1.480084
1.487209
1.49425
1.501695
1.503916
1.507275
1.510648
1.517208
1.523917
1.527905
1.532427
1.538088
1.542334
1.545152
1.550309
1.553376
1.558118
1.563009
1.569603
1.573261
1.579093
1.582916
1.588417
1.592458
1.596741
1.602583
1.606173
1.609223
1.612233
1.614535
1.617675
1.621404
1.625878
1.629875
1.634
1.637914
1.644397
1.649564
1.653694
1.657542
1.662417
1.667857
1.672724
1.675758
1.678095
1.681771
1.686085
1.692705
1.696144
1.701392
1.707907
1.712577
1.716356
1.720242
1.725094
1.730109
1.734708
1.738625
1.744
1.750029
1.755652
1.759897
1.762917
1.76828
1.772786
1.776
1.779911
1.783978
1.788156
1.792826
1.796456
1.800167
1.80406
1.808158
1.811584
1.816
1.819857
1.823581
1.82772
1.83174
1.835278
1.838701
1.84215
1.845709
1.849515
1.853944
1.858073
1.8623
1.866175
1.869094
1.873
1.876496
1.879987
1.88299
1.885584
1.889677
1.893238
1.897714
1.901317
1.905141
1.908626
1.912244
1.916
1.919699
1.923251
1.926096
1.929446
1.932132
1.935885
1.939798
1.943372
1.947026
1.951334
1.955369
1.959543
1.963673
1.967381
1.972382
1.976074
1.981095
1.985133
1.990586
1.994082
1.999291
2.0
2.004962
2.010571
2.017
2.021232
2.026326
2.031834
2.035695
2.040273
2.045148
2.04938
2.053558
2.057874
2.062208
2.065765
2.070272
2.073716
2.077617
2.082383
2.085953
2.089911
2.094067
2.099257
2.104353
2.108961
2.113709
2.119
2.124012
2.129455
2.134377
2.139909
2.145524
2.150917
2.156059
2.161832
2.167963
2.173377
2.178583
2.183634
2.188967
2.194583
2.199083
2.204664
2.209606
2.215382
2.220295
2.225348
2.231011
2.236591
2.2429
2.246777
2.252148
2.256708
2.26175
2.266535
2.271862
2.27883
2.28412
2.289207
2.294
2.298871
2.30359
2.307753
2.313393
2.317323
2.323084
2.327611
2.332383
2.337228
2.342805
2.348
2.352776
2.359
2.362958
2.367508
2.3719
2.376579
2.381519
2.385462
2.389677
2.39443
2.398756
2.40243
2.407328
2.41136
2.415642
2.421
2.426041
2.430265
2.43506
2.439547
2.443454
2.448583
2.453139
2.45825
2.462506
2.467692
2.472863
2.477734
2.482274
2.487672
2.492872
2.498165
2.501292
2.506679
2.512517
2.517029
2.521682
2.526
2.530029
2.535165
2.54017
2.545515
2.550289
2.556277
2.560998
2.565978
2.570655
2.574259
2.578333
2.582872
2.587417
2.591837
2.595708
2.600237
2.605068
2.609612
2.614324
2.618985
2.623724
2.627913
2.632
2.636206
2.640219
2.644938
2.648842
2.652031
2.656131
2.660194
2.664063
2.668063
2.671827
2.675821
2.680119
2.683901
2.687681
2.691131
2.695326
2.699683
2.704175
2.708244
2.711773
2.71612
2.720242
2.724164
2.727983
2.731991
2.735611
2.740094
2.743731
2.747985
2.75194
2.754948
2.758827
2.761911
2.765922
2.77075
2.775117
2.779313
2.783536
2.788721
2.793434
2.797728
2.801356
2.806
2.809959
2.81381
2.818204
2.822204
2.826171
2.831385
2.835359
2.84004
2.845402
2.850208
2.854041
2.858404
2.862415
2.867087
2.871177
2.87563
2.880642
2.8846
2.889142
2.893139
2.898019
2.902028
2.905725
2.909719
2.914587
2.918792
2.922463
2.92679
2.930723
2.9359
2.940714
2.944945
2.949708
2.954155
2.958544
2.963
2.967425
2.972968
2.977342
2.981635
2.985015
2.98934
2.993743
2.998743
3.0
3.002861
3.00635
3.010957
3.014749
3.019
3.022374
3.026533
3.03049
3.034824
3.039237
3.042982
3.046333
3.05155
3.055668
3.059628
3.063128
3.06762
3.071818
3.074981
3.079583
3.084051
3.089025
3.093057
3.097169
3.102672
3.105978
3.110791
3.115473
3.119784
3.124691
3.129072
3.133225
3.137433
3.142552
3.146342
3.150458
3.154059
3.159542
3.163889
3.168315
3.172379
3.17625
3.181354
3.185346
3.190237
3.195119
3.19889
3.2031
3.207597
3.212458
3.217015
3.221521
3.225303
3.23
3.234032
3.238687
3.243947
3.24823
3.252
3.25679
3.262326
3.265864
3.271607
3.275763
3.280393
3.285277
3.288852
3.294199
3.298477
3.303126
3.308233
3.312611
3.316959
3.32181
3.326265
3.330653
3.335022
3.340006
3.344244
3.348741
3.3534
3.357795
3.363029
3.36822
3.373848
3.378283
3.383022
3.387792
3.393182
3.397554
3.402219
3.406661
3.41056
3.415328
3.419445
3.424221
3.428232
3.432478
3.437469
3.442225
3.446504
3.450202
3.454983
3.459536
3.46449
3.469807
3.474903
3.481
3.48605
3.491
3.496602
3.501719
3.507203
3.511661
3.51699
3.521876
3.526928
3.532104
3.537
3.542706
3.547812
3.553344
3.558
3.562613
3.568433
3.573005
3.577385
3.581958
3.586639
3.590792
3.59481
3.598833
3.603
3.607493
3.611004
3.61583
3.621062
3.625558
3.63
3.635079
3.639448
3.644542
3.649283
3.653655
3.658014
3.663549
3.668032
3.672152
3.676188
3.68076
3.685121
3.689333
3.693854
3.698762
3.703652
3.709
3.713124
3.718585
3.722747
3.727741
3.733
3.73823
3.742126
3.746547
3.75069
3.755834
3.760224
3.764483
3.769945
3.77468
3.779877
3.785014
3.789873
3.795058
3.79937
3.803791
3.808864
3.813467
3.817931
3.822154
3.826319
3.830226
3.834916
3.839061
3.843814
3.848088
3.852519
3.856944
3.861527
3.865757
3.870375
3.874447
3.87922
3.884409
3.888962
3.893599
3.898752
3.903584
3.908672
3.913
3.917434
3.922653
3.927636
3.931944
3.936951
3.94128
3.944838
3.950126
3.954668
3.959157
3.96347
3.96817
3.972441
3.976835
3.981856
3.986236
3.991285
3.995877
4.0
4.000282
4.004697
4.009549
4.0146
4.019318
4.024133
4.02868
4.034032
4.039178
4.043345
4.048114
4.053699
4.058512
4.062902
4.067715
4.072858
4.078156
4.082662
4.087375
4.092516
4.09667
4.101154
4.105848
4.111212
4.115167
4.120027
4.125059
4.129366
4.134243
4.139011
4.144307
4.149188
4.154039
4.1586
4.163687
4.168163
4.172633
4.177903
4.182676
4.188
4.192982
4.198867
4.204051
4.208881
4.213634
4.219416
4.224282
4.229109
4.234169
4.239375
4.243906
4.248864
4.253442
4.258861
4.263597
4.26817
4.272447
4.277413
4.282342
4.287515
4.293177
4.297389
4.302264
4.307324
4.312476
4.317858
4.323647
4.327966
4.333564
4.339214
4.344415
4.349324
4.355376
4.360279
4.365259
4.36969
4.374071
4.378297
4.382874
4.387407
4.392866
4.398321
4.403933
4.407996
4.412126
4.417135
4.421073
4.42639
4.430112
4.434773
4.440164
4.44579
4.450397
4.45481
4.459669
4.464551
4.467562
4.471935
4.477126
4.482362
4.486839
4.491
4.496902
4.500719
4.504982
4.509178
4.514334
4.518571
4.52195
4.525879
4.530621
4.534654
4.53898
4.543918
4.548404
4.551546
4.555595
4.560543
4.565151
4.570046
4.574254
4.57885
4.583434
4.58768
4.59208
4.596273
4.6008
4.605583
4.610208
4.61418
4.618894
4.623324
4.627542
4.632
4.635965
4.641162
4.645492
4.650479
4.655406
4.659686
4.664473
4.668986
4.673361
4.678212
4.683193
4.687945
4.692223
4.696641
4.700966
4.706939
4.711344
4.715856
4.720927
4.725218
4.729144
4.733575
4.736977
4.741728
4.745585
4.749318
4.753637
4.75856
4.762628
4.766667
4.771457
4.776253
4.780713
4.784776
4.789207
4.793523
4.797642
4.801214
4.805333
4.809843
4.814746
4.818993
4.823648
4.827787
4.83223
4.837234
4.841025
4.845
4.84961
4.853523
4.858158
4.862782
4.866982
4.871455
4.875786
4.879622
4.884103
4.889377
4.893315
4.897622
4.901341
4.905475
4.911288
4.915834
4.919722
4.924235
4.928974
4.93355
4.938772
4.942675
4.946218
4.949925
4.953525
4.957425
4.961147
4.965821
4.970127
4.974746
4.98
4.984742
4.990092
4.994254
4.998641
5.0
5.00248
5.007287
5.01116
5.01504
5.019416
5.023655
5.027345
5.032041
5.036461
5.040139
5.04378
5.048274
5.052
5.056021
5.059738
5.064719
5.068962
5.072982
5.076908
5.080907
5.085718
5.089727
5.093677
5.098566
5.102565
5.106914
5.110812
5.115321
5.120091
5.123258
5.127076
5.130836
5.13467
5.1386
5.142719
5.146736
5.150355
5.154622
5.158
5.161853
5.166953
5.17038
5.174325
5.178253
5.182417
5.186
5.190467
5.194166
5.198177
5.202111
5.206018
5.210118
5.215172
5.219086
5.22394
5.227533
5.232
5.236506
5.24095
5.245202
5.24883
5.252565
5.256145
5.260166
5.263736
5.267526
5.271468
5.276235
5.280045
5.284603
5.28861
5.292806
5.296376
5.300395
5.304281
5.308309
5.312307
5.316854
5.320735
5.324834
5.329171
5.334
5.337744
5.341464
5.345265
5.349472
5.353755
5.357041
5.361236
5.364668
5.368858
5.373164
5.376471
5.380027
5.383732
5.387906
5.392074
5.395885
5.399388
5.403246
5.407152
5.410494
5.41425
5.418665
5.4226
5.426
5.430524
5.434367
5.437974
5.442406
5.445671
5.44984
5.453605
5.457952
5.462243
5.466332
5.470083
5.474
5.477837
5.482127
5.485709
5.489688
5.493819
5.498286
5.502501
5.506609
5.510866
5.515
5.519755
5.524098
5.528915
5.53372
5.538
5.543
5.546506
5.550458
5.554335
5.558792
5.56311
5.566764
5.569837
5.574949
5.578479
5.582503
5.586937
5.590567
5.594715
5.599333
5.603612
5.607565
5.611091
5.61502
5.619626
5.624232
5.628752
5.632849
5.637817
5.642911
5.647387
5.651763
5.655588
5.660408
5.665
5.669336
5.674025
5.678099
5.68115
5.685327
5.689894
5.693947
5.697672
5.701645
5.704911
5.709785
5.713965
5.719236
5.723571
5.728592
5.732877
5.737067
5.741571
5.745191
5.750094
5.754422
5.758549
5.763245
5.768462
5.773032
5.778381
5.78321
5.788067
5.792723
5.796582
5.801827
5.80631
5.810673
5.815275
5.819272
5.823692
5.827387
5.832052
5.835958
5.840255
5.843782
5.847973
5.851678
5.85537
5.859857
5.863696
5.867392
5.871333
5.875214
5.879582
5.884258
5.888393
5.893005
5.89722
5.901203
5.905579
5.910347
5.914428
5.918471
5.923235
5.927412
5.932418
5.935907
5.939654
5.94368
5.94758
5.951781
5.956391
5.960847
5.964806
5.969094
5.973515
5.978
5.981739
5.985141
5.989792
5.993453
5.998336
6.0
6.001256
6.005525
6.0092
6.013042
6.017901
6.022673
6.027
6.031206
6.03513
6.039698
6.044553
6.048618
6.053209
6.057697
6.0615
6.065319
6.069718
6.073564
6.077809
6.082571
6.086939
6.091504
6.09658
6.100687
6.105284
6.109626
6.113733
6.118531
6.122307
6.126545
6.130378
6.134101
6.137893
6.141326
6.145247
6.150082
6.154438
6.158132
6.163023
6.166237
6.1699
6.173727
6.177166
6.180722
6.184396
6.188164
6.193358
6.197258
6.201136
6.20548
6.209522
6.213781
6.218382
6.222936
6.227749
6.231452
6.235779
6.24103
6.246555
6.249617
6.253657
6.258311
6.261933
6.265898
6.270338
6.274834
6.278823
6.283252
6.28798
6.292
6.295547
6.299851
6.304021
6.308206
6.31367
6.318208
6.32201
6.326149
6.330237
6.335446
6.339505
6.344289
6.348538
6.353054
6.357016
6.361229
6.365085
6.369462
6.374023
6.378296
6.383009
6.387357
6.391525
6.396241
6.400978
6.405398
6.410328
6.413983
6.418117
6.423689
6.427664
6.43139
6.435589
6.439812
6.444195
6.448254
6.452303
6.456055
6.460379
6.464963
6.469319
6.473578
6.477358
6.481834
6.486522
6.490585
6.494494
6.498645
6.503034
6.507252
6.511534
6.516052
6.520657
6.526443
6.530392
6.535417
6.538843
6.543391
6.548263
6.553989
6.558024
6.562
6.56649
6.571649
6.57575
6.580117
6.584675
6.589013
6.593889
6.5976
6.60158
6.606282
6.610502
6.614898
6.618998
6.622973
6.628183
6.632775
6.636332
6.640272
6.644649
6.649146
6.653489
6.657779
6.662089
6.666544
6.670869
6.675046
6.679674
6.683217
6.687
6.692088
6.696429
6.69992
6.704459
6.708192
6.712209
6.716161
6.71966
6.723682
6.72759
6.732262
6.735787
6.739969
6.744734
6.748626
6.75308
6.757334
6.761598
6.76536
6.769609
6.773544
6.777035
6.780795
6.785118
6.790121
6.793796
6.798331
6.802735
6.806803
6.812367
6.816288
6.820312
6.824913
6.829171
6.833469
6.837362
6.84152
6.845361
6.850085
6.855
6.859406
6.863908
6.867966
6.87272
6.877188
6.881115
6.886147
6.890566
6.896309
6.901124
6.90584
6.909626
6.914063
6.919181
6.924128
6.92801
6.933343
6.937307
6.942188
6.947
6.951439
6.955783
6.960571
6.96441
6.969031
6.973763
6.978319
6.982942
6.988
6.992931
6.998024
7.0
7.002216
7.005799
7.010518
7.015369
7.019611
7.023617
7.02911
7.034104
7.038405
7.043723
7.047834
7.052106
7.05668
7.062127
7.066442
7.070501
7.075348
7.079988
7.085148
7.089
7.09289
7.097688
7.102128
7.107011
7.111931
7.116625
7.12263
7.127339
7.131695
7.137216
7.142416
7.146975
7.152146
7.15746
7.162312
7.166654
7.17138
7.176
7.181
7.184461
7.189008
7.193621
7.19852
7.203026
7.20762
7.212036
7.216816
7.221465
7.225614
7.23027
7.235154
7.239944
7.244939
7.249739
7.254891
7.259306
7.264232
7.268792
7.274901
7.279144
7.284042
7.288625
7.292874
7.297021
7.302053
7.306552
7.310888
7.315999
7.31991
7.323612
7.327088
7.332204
7.336583
7.341018
7.345674
7.349392
7.353602
7.357759
7.362207
7.367897
7.373195
7.376952
7.381428
7.385822
7.391186
7.396152
7.400797
7.406119
7.411625
7.417079
7.422134
7.427035
7.431987
7.437327
7.441158
7.446
7.45064
7.454677
7.459502
7.463564
7.468357
7.473423
7.478744
7.483667
7.488275
7.492717
7.496115
7.500607
7.504662
7.509209
7.513622
7.517717
7.521815
7.526471
7.530715
7.536
7.541596
7.546
7.550268
7.554311
7.55888
7.56345
7.568
7.573169
7.577786
7.583265
7.588836
7.593506
7.598955
7.603747
7.608797
7.613584
7.618211
7.623051
7.628
7.632939
7.637716
7.643765
7.648579
7.652623
7.657643
7.661455
7.666006
7.671017
7.676009
7.680897
7.686179
7.690446
7.694374
7.699119
7.704249
7.708888
7.713589
7.718928
7.722975
7.727567
7.732383
7.737899
7.74186
7.748
7.753238
7.757435
7.762916
7.7679
7.773293
7.779627
7.783675
7.789176
7.794279
7.798855
7.804354
7.808043
7.812464
7.816511
7.822
7.827647
7.832178
7.83749
7.842338
7.846917
7.851574
7.857018
7.860765
7.86504
7.869851
7.874062
7.879243
7.883817
7.887719
7.891982
7.897169
7.901935
7.906785
7.911429
7.916412
7.921379
7.925886
7.929584
7.934378
7.939072
7.943708
7.948099
7.952612
7.956977
7.961472
7.965941
7.971002
7.976001
7.98164
7.985795
7.990904
7.996049
8.0
8.000977
8.00684
8.011
8.015753
8.019894
8.024468
8.028294
8.033452
8.037818
8.042683
8.047547
8.051084
8.055557
8.059828
8.06414
8.067953
8.073566
8.077993
8.081543
8.086407
8.091551
8.095477
8.099511
8.103833
8.108433
8.113379
8.117692
8.12232
8.127241
8.131329
8.137
8.140534
8.14532
8.149374
8.153756
8.157741
8.161839
8.165174
8.169283
8.173524
8.179133
8.182867
8.188263
8.193246
8.198487
8.202971
8.207359
8.211778
8.215306
8.219141
8.224222
8.228921
8.233688
8.238257
8.243519
8.248152
8.252423
8.256826
8.261705
8.265978
8.270261
8.274995
8.279816
8.28396
8.288314
8.292446
8.296548
8.300844
8.305395
8.30929
8.313393
8.317776
8.321584
8.325506
8.329772
8.333962
8.338157
8.342379
8.346559
8.351
8.355166
8.359402
8.363744
8.367975
8.373
8.376766
8.381
8.385466
8.389885
8.394262
8.398138
8.401802
8.406175
8.410041
8.413972
8.418236
8.422524
8.426439
8.429573
8.434079
8.438387
8.441486
8.446416
8.450904
8.455344
8.46
8.464041
8.469001
8.474
8.478887
8.482544
8.486032
8.489408
8.494128
8.498602
8.502217
8.506821
8.511469
8.515502
8.519794
8.523806
8.52833
8.53166
8.535574
8.539717
8.544129
8.548286
8.551839
8.555518
8.560082
8.564791
8.569709
8.573548
8.577625
8.582326
8.586627
8.590949
8.595221
8.600136
8.60471
8.609517
8.614065
8.618229
8.622067
8.625503
8.630028
8.634756
8.639699
8.644097
8.648421
8.652952
8.657729
8.662559
8.665979
8.66957
8.67425
8.678116
8.682293
8.686167
8.690205
8.695
8.699552
8.704844
8.709765
8.714044
8.718037
8.721735
8.727444
8.730636
8.734198
8.738248
8.742854
8.747821
8.751867
8.756282
8.760029
8.764866
8.76993
8.775061
8.778869
8.783
8.786563
8.790449
8.794202
8.797904
8.802235
8.806423
8.810529
8.815039
8.819526
8.823875
8.828632
8.8326
8.837407
8.841139
8.845405
8.849185
8.853321
8.856979
8.860707
8.865262
8.869485
8.873807
8.877001
8.881
8.885094
8.889258
8.893464
8.897836
8.902537
8.90613
8.910355
8.91472
8.918532
8.923006
8.926044
8.929906
8.934657
8.939109
8.943053
8.947145
8.951896
8.955679
8.960472
8.964378
8.968932
8.973292
8.977836
8.982063
8.986078
8.990605
8.995274
8.999227
9.0
9.003513
9.007745
9.012
9.016654
9.020672
9.025
9.029812
9.034032
9.038291
9.04264
9.047994
9.053193
9.056971
9.061124
9.065146
9.068895
9.073637
9.077954
9.082019
9.08665
9.090485
9.094795
9.098977
9.10381
9.107888
9.111891
9.116277
9.120211
9.124622
9.128789
9.13304
9.136751
9.140406
9.144086
9.148504
9.153477
9.15832
9.16257
9.165905
9.169715
9.174439
9.178163
9.181727
9.186179
9.189791
9.194103
9.19796
9.20206
9.206617
9.210529
9.214178
9.21748
9.222062
9.225643
9.229623
9.234029
9.237904
9.241778
9.245466
9.249288
9.253679
9.257535
9.261458
9.266152
9.269757
9.274183
9.278689
9.282988
9.287063
9.290912
9.294524
9.299191
9.304526
9.308601
9.312675
9.317
9.321065
9.325389
9.329577
9.334045
9.338958
9.343195
9.34794
9.351691
9.355072
9.359906
9.365002
9.369672
9.373683
9.37769
9.382272
9.38739
9.391761
9.395585
9.399976
9.403919
9.407883
9.412676
9.416238
9.420801
9.425273
9.429623
9.434131
9.438625
9.442895
9.44765
9.452025
9.455734
9.459693
9.463999
9.468339
9.472382
9.476504
9.480284
9.485079
9.489272
9.493221
9.498291
9.502272
9.506105
9.510989
9.515629
9.52
9.525172
9.529582
9.533894
9.538539
9.543481
9.547629
9.551964
9.555933
9.560697
9.565413
9.570772
9.575071
9.579266
9.583848
9.587835
9.591352
9.595839
9.599933
9.604393
9.608224
9.61236
9.617548
9.622193
9.626736
9.631
9.634943
9.640131
9.645
9.649231
9.653522
9.659279
9.663563
9.668245
9.672585
9.677329
9.681453
9.68549
9.69039
9.694274
9.698958
9.703737
9.708423
9.712086
9.716916
9.720612
9.724856
9.72927
9.733917
9.739022
9.743289
9.746495
9.750636
9.755101
9.759313
9.763224
9.767204
9.771216
9.776121
9.780427
9.784491
9.78845
9.793035
9.796559
9.801012
9.80545
9.810746
9.814687
9.818946
9.823797
9.82854
9.83316
9.838127
9.842891
9.847829
9.852172
9.856063
9.859526
9.863824
9.867878
9.87223
9.876057
9.881455
9.885837
9.889831
9.89417
9.89841
9.903189
9.907188
9.911226
9.915503
9.919689
9.924015
9.928771
9.932564
9.936426
9.941612
9.946745
9.951407
9.95567
9.959848
9.964649
9.969528
9.974187
9.978517
9.98311
9.987854
9.992439
9.996297
10.0
10.000307
10.004638
10.009368
10.013621
10.017613
10.022259
10.026734
10.030523
10.034901
10.039039
10.043366
10.047367
10.052121
10.056044
10.059416
10.063474
10.067665
10.071828
10.075909
10.080229
10.084519
10.088615
10.09225
10.097
10.100948
10.104949
10.109289
10.113591
10.117969
10.12175
10.125241
10.129196
10.133848
10.138
10.142769
10.146792
10.15073
10.154463
10.15812
10.162018
10.165647
10.169537
10.173404
10.177668
10.181599
10.185
10.188502
10.192591
10.196116
10.200354
10.204708
10.208759
10.212973
10.217814
10.221663
10.226336
10.230161
10.234058
10.238449
10.242162
10.247112
10.250259
10.254252
10.257824
10.262212
10.2665
10.270906
10.274216
10.278017
10.281793
10.285766
10.290696
10.294645
10.299111
10.302782
10.306375
10.31094
10.314965
10.319261
10.323341
10.32717
10.33002
10.334366
10.338898
10.343198
10.347586
10.352019
10.355298
10.359489
10.363181
10.366996
10.371066
10.37523
10.380241
10.383914
10.388578
10.392716
10.39755
10.401702
10.406261
10.41042
10.413976
10.418927
10.423793
10.427571
10.43204
10.436153
10.440275
10.445
10.448901
10.453974
10.45821
10.462366
10.46587
10.469595
10.473995
10.478346
10.482573
10.486301
10.490145
10.493588
10.496547
10.50097
10.505626
10.509305
10.513164
10.517282
10.520019
10.524237
10.52881
10.532997
10.53657
10.540998
10.546176
10.549927
10.553876
10.558484
10.563002
10.566863
10.569828
10.573382
10.578236
10.582296
10.586477
10.590142
10.595348
10.5992
10.603617
10.60726
10.611708
10.615208
10.619583
10.624439
10.628191
10.632202
10.63597
10.639645
10.644107
10.648286
10.652493
10.657075
10.660761
10.664714
10.668724
10.672705
10.676719
10.679574
10.684127
10.688286
10.69138
10.695478
10.699318
10.703525
10.707202
10.71132
10.714865
10.718598
10.721758
10.72527
10.729328
10.733284
10.737406
10.741685
10.74484
10.74856
10.752613
10.756512
10.760458
10.764646
10.768779
10.772881
10.776623
10.7803
10.78416
10.788256
10.792855
10.796169
10.80012
10.803571
10.807617
10.810897
10.814508
10.818356
10.82192
10.826216
10.830489
10.834678
10.838852
10.84275
10.846329
10.849849
10.853901
10.857797
10.862186
10.866162
10.87
10.874185
10.878458
10.882119
10.885596
10.889423
10.893352
10.898058
10.9021
10.906248
10.910571
10.914545
10.918225
10.922915
10.926565
10.930764
10.934726
10.938659
10.942858
10.948274
10.951341
10.955767
10.959254
10.963693
10.967663
10.971707
10.975451
10.979715
10.983929
10.988229
10.99259
10.996585
11.0
11.000916
11.004976
11.009325
11.013906
11.018029
11.02206
11.026378
11.029989
11.034359
11.038248
11.041571
11.044213
11.048658
11.052891
11.056667
11.06189
11.06499
11.069402
11.073909
11.077415
11.081041
11.085286
11.09
11.094539
11.099085
11.103824
11.107821
11.111349
11.11586
11.120105
11.122727
11.126528
11.131158
11.135063
11.139984
11.14418
11.148298
11.152451
11.156174
11.160096
11.164551
11.168864
11.173541
11.177731
11.181824
11.185468
11.189487
11.193773
11.197986
11.201812
11.205446
11.209606
11.21389
11.218078
11.222838
11.227116
11.231381
11.235349
11.239093
11.243476
11.248215
11.252138
11.255989
11.259716
11.264071
11.268274
11.272384
11.276305
11.280368
11.283893
11.287762
11.29099
11.294676
11.2989
11.302992
11.30772
11.3118
11.315401
11.319559
11.323647
11.328364
11.332726
11.336783
11.340199
11.344172
11.348531
11.352512
11.356042
11.360405
11.363746
11.367902
11.371704
11.376066
11.380739
11.384614
11.389126
11.392598
11.396609
11.400424
11.404698
11.408412
11.412251
11.416788
11.421703
11.425274
11.430224
11.434395
11.438017
11.441996
11.445023
11.448662
11.453196
11.45728
11.460949
11.464294
11.468496
11.473056
11.475848
11.479965
11.48381
11.488208
11.492603
11.49682
11.500909
11.504391
11.509238
11.513838
11.516715
11.519806
11.523325
11.526852
11.530833
11.534396
11.537703
11.5413
11.545144
11.549308
11.553747
11.558135
11.562055
11.567306
11.570792
11.574129
11.578087
11.582622
11.586816
11.591058
11.595454
11.599538
11.603453
11.60725
11.610518
11.614248
11.618979
11.622761
11.626441
11.630209
11.633932
11.638292
11.642517
11.646007
11.649593
11.653339
11.656483
11.661046
11.664206
11.668804
11.672913
11.67728
11.681804
11.685653
11.690376
11.694272
11.698756
11.702539
11.705624
11.709214
11.713
11.717496
11.721637
11.725836
11.729992
11.734481
11.739039
11.743075
11.746787
11.751128
11.755
11.759109
11.763586
11.768134
11.772161
11.776015
11.779966
11.784486
11.788857
11.793648
11.797819
11.801863
11.806306
11.810644
11.814409
11.819375
11.824147
11.828168
11.832324
11.835481
11.840237
11.844376
11.848773
11.852463
11.856511
11.861005
11.865866
11.870139
11.874363
11.87936
11.883541
11.887648
11.891601
11.89563
11.899334
11.903388
11.907455
11.911434
11.916043
11.9207
11.924726
11.928635
11.93313
11.937258
11.941008
11.944678
11.948453
11.952214
11.956326
11.960901
11.964606
11.96815
11.972939
11.976981
11.981493
11.986148
11.99
11.99405
11.99712
12.0
12.001372
12.005164
12.008794
12.01319
12.016731
12.020155
12.02403
12.028936
12.032729
12.036946
12.040559
12.045005
12.049141
12.053247
12.058512
12.062571
12.065839
12.070339
12.074909
12.07881
12.083285
12.086964
12.091048
12.095068
12.099014
12.103005
12.106644
12.111822
12.115695
12.119986
12.123653
12.127251
12.131221
12.135952
12.140583
12.145207
12.149199
12.153665
12.157519
12.161991
12.165661
12.169603
12.173348
12.176787
12.180408
12.185073
12.188727
12.193109
12.197385
12.202097
12.20658
12.210174
12.21441
12.218959
12.222532
12.226514
12.2318
12.235334
12.239391
12.243
12.246198
12.249296
12.253349
12.257654
12.261905
12.266311
12.269514
12.27314
12.276564
12.280734
12.284156
12.288515
12.292765
12.296053
12.299164
12.302898
12.305798
12.309546
12.312962
12.316856
12.320667
12.324676
12.328951
12.332821
12.336935
12.34081
12.344347
12.348679
12.353057
12.357375
12.361811
12.36573
12.370147
12.374684
12.378851
12.383132
12.386764
12.390966
12.395131
12.400177
12.404678
12.40908
12.413438
12.41732
12.421704
12.425735
12.430512
12.435636
12.439552
12.443849
12.448214
12.452582
12.455325
12.459394
12.463378
12.467704
12.471588
12.475461
12.479794
12.483616
12.48769
12.491173
12.494509
12.499503
12.503717
12.508042
12.512493
12.516435
12.520771
12.524527
12.529009
12.533334
12.537417
12.540971
12.544881
12.548869
12.552816
12.557181
12.560437
12.564087
12.568429
12.572011
12.575814
12.579427
12.58385
12.587674
12.591806
12.595261
12.599369
12.60322
12.607412
12.611726
12.61538
12.619349
12.623901
12.627367
12.631095
12.635342
12.639833
12.644061
12.647553
12.650995
12.654236
12.65847
12.662276
12.665316
12.668959
12.672968
12.677152
12.681331
12.685
12.688951
12.693577
12.697583
12.701124
12.704614
12.708852
12.713633
12.717096
12.719849
12.723991
12.727629
12.730919
12.735869
12.740248
12.744574
12.749127
12.753602
12.75771
12.761661
12.765763
12.769367
12.773083
12.776375
12.779958
12.785227
12.789936
12.794159
12.798432
12.80304
12.806728
12.811372
12.815204
12.818458
12.823068
12.826671
12.829585
12.833623
12.838096
12.841982
12.845803
12.849553
12.853429
12.857279
12.861872
12.865842
12.870075
12.874186
12.877841
12.882263
12.885935
12.889637
12.893712
12.896589
12.900178
12.904469
12.908225
12.912473
12.916439
12.920321
12.924963
12.929028
12.933151
12.937
12.941415
12.94559
12.9502
12.954132
12.95865
12.962859
12.966539
12.971771
12.975376
12.979555
12.983652
12.988471
12.992449
12.996218
13.0
13.001604
13.006044
13.009928
13.014074
13.018762
13.023184
13.027823
13.031672
13.035104
13.039649
13.04397
13.04831
13.052949
13.056541
13.060068
13.06372
13.067929
13.071333
13.076101
13.080489
13.084989
13.088976
13.093257
13.09711
13.102105
13.105858
13.11067
13.114219
13.118505
13.123014
13.127528
13.132098
13.135969
13.14
13.143698
13.148919
13.152887
13.157135
13.16106
13.164795
13.169378
13.173685
13.178094
13.182054
13.186294
13.190559
13.194204
13.198686
13.203299
13.208039
13.212446
13.216711
13.220524
13.224528
13.228648
13.23255
13.236883
13.241453
13.245905
13.250089
13.253819
13.258329
13.262531
13.26625
13.270576
13.274667
13.278752
13.283062
13.287487
13.291579
13.29528
13.300073
13.304106
13.308326
13.312881
13.317547
13.32079
13.324054
13.32843
13.332
13.335985
13.34031
13.344066
13.348717
13.352791
13.357014
13.361113
13.365757
13.370238
13.37488
13.379348
13.383462
13.386579
13.390704
13.394763
13.399437
13.403569
13.407846
13.411432
13.415339
13.419034
13.422796
13.425787
13.429665
13.43332
13.437312
13.440464
13.444864
13.449429
13.453308
13.458037
13.461778
13.465293
13.4691
13.473307
13.476481
13.480628
13.485554
13.489508
13.493779
13.49747
13.50097
13.505979
13.51003
13.515762
13.52329
13.53004
13.547801
13.562277
13.575489
13.588872
13.608405
13.623537
13.642072
13.662898
13.682
13.700749
13.717548
13.732
13.752
13.766414
13.78706
13.798691
13.822
13.842
13.864
13.888
13.908563
13.928864
13.946
13.956051
13.96851
13.979936
14.0
14.003917
14.017519
14.03366
14.046496
14.073054
14.094055
14.109011
14.124636
14.145295
14.164074
14.185092
14.197077
14.211743
14.229696
14.244
14.267011
14.290292
14.308558
14.335833
14.3693
14.397456
14.419811
14.451403
14.472461
14.488151
14.499
14.51313
14.530569
14.543872
14.56336
14.583571
14.603826
14.627
14.662502
14.686569
14.704
14.720998
14.735168
14.754
14.771395
14.790313
14.809023
14.822277
14.838
14.858708
14.874786
14.89589
14.912
14.930571
14.944
14.963
14.994958
15.0
15.023842
15.041014
15.05044
15.070783
15.086626
15.111917
15.135
15.159105
15.182
15.21353
15.233352
15.244491
15.264
15.279464
15.305958
15.322127
15.34199
15.362889
15.382199
15.398553
15.415
15.435879
15.454942
15.465745
15.479
15.49533
15.510717
15.523659
15.540547
15.551328
15.568144
15.584667
15.603131
15.620316
15.643697
15.663094
15.681074
15.714001
15.7293
15.752
15.781179
15.804992
15.822613
15.84536
15.866586
15.884971
15.900443
15.928146
15.944511
15.965392
15.988205
16.0
16.007121
16.020829
16.046417
16.060413
16.077125
16.097066
16.122081
16.143042
16.157145
16.18133
16.2
16.226939
16.246102
16.265668
16.285616
16.309
16.324817
16.338109
16.35
16.367265
16.382958
16.397258
16.417
16.439327
16.459775
16.472995
16.485216
16.52
16.604
16.723458
16.842
16.966208
17.0
17.104
17.199
17.322375
17.418
17.523
17.633
17.741667
17.866
17.981
18.0
18.106
18.23
18.344
18.452
18.568709
18.695
18.80725
18.910542
19.0
19.026
19.14
19.257
19.377
19.509
19.629
19.740875
19.841
19.939
20.0
20.031042
20.117
20.197
20.275
20.358
20.433
20.512375
20.588167
20.664
20.745
20.824
20.904
20.987
21.0
21.07
21.15
21.228
21.309
21.396
21.475
21.554
21.637
21.72
21.803
21.885
21.969
22.0
22.052
22.131
22.205
22.289
22.372
22.449
22.533
22.618
22.701
22.781
22.858583
22.935
23.0
23.017
23.094
23.180875
23.257
23.34
23.426959
23.508
23.583292
23.665333
23.741
23.82
23.899
23.981
24.0
24.062
24.143
24.227
24.306
24.39175
24.47325
24.552
24.635
24.713
24.794
24.876
24.96
25.0
25.041
25.122
25.207625
25.289625
25.373
25.457
25.53
25.607
25.686
25.763
25.844917
25.924625
25.999
26.0
26.075
26.156
26.231667
26.313334
26.389
26.471
26.551
26.628
26.707
26.791
26.871542
26.954
27.0
27.035
27.114292
27.199
27.275
27.354
27.438375
27.52
27.604
27.687458
27.774
27.860292
27.945
28.0
28.026
28.111
28.198
28.281
28.365042
28.448
28.535
28.622
28.708
28.788
28.873
28.956
29.0
29.038792
29.12
29.2
29.283917
29.363
29.447333
29.53
29.613
29.699
29.78
29.859
29.945
30.0
30.026
30.102666
30.189
30.278
30.368
30.453542
30.551
30.656
30.761
30.866
30.97025
31.0
31.074
31.175
31.291917
31.423584
31.53
31.648042
31.761
31.880792
32.0
32.008833
32.131
32.265
32.37
32.503625
32.613
32.742
32.851
32.958
33.0
33.071
33.182042
33.295
33.413
33.543
33.668
33.781
33.897
34.0
34.02
34.162
34.279
34.412
34.532
34.655
34.770667
34.888583
35.0
35.116
35.231
35.345
35.463375
35.567
35.6815
35.798
35.931
36.0
36.082
36.231
36.373
36.505
36.66
36.793
36.91675
37.0
37.038
37.168
37.29
37.401
37.549
37.686
37.814
37.946
38.0
38.071
38.198
38.318
38.432
38.569
38.695
38.827
38.986
39.0
39.116
39.244
39.392
39.514
39.661
39.796
39.917
40.0
40.043042
40.167
40.320125
40.46
40.6
40.738333
40.864
40.989
41.0
41.145
41.306
41.462
41.597
41.765
41.903
42.0
42.037
42.166
42.306
42.452
42.601
42.75
42.911
43.0
43.046417
43.178
43.324
43.463
43.597
43.723
43.864
43.987
44.0
44.139
44.289
44.431
44.59
44.729
44.866
44.986
45.0
45.125
45.262
45.428
45.584
45.743
45.915
46.0
46.062
46.207
46.342
46.475
46.624
46.77
46.906
47.0
47.031
47.172
47.29
47.432
47.583875
47.718
47.849
47.998917
48.0
48.122
48.253
48.3985
48.528
48.659
48.801
48.94
49.0
49.08
49.205625
49.353
49.491
49.627
49.742
49.858
49.98
50.0
50.108
50.236
50.354125
50.48
50.61
50.736
50.876
51.0
51.025
51.173375
51.321
51.456
51.604
51.748
51.895
52.0
52.034
52.17
52.311
52.456
52.604
52.726
52.849375
52.979
53.0
53.135
53.261
53.389
53.508
53.632
53.759
53.896
54.0
54.016
54.173
54.31
54.479
54.633
54.791
54.936
55.0
55.078
55.233
55.39
55.531
55.657167
55.801
55.934
56.0
56.078
56.242
56.406
56.56
56.6885
56.823
56.958
57.0
57.085
57.218
57.3495
57.488
57.614
57.757
57.89
58.0
58.03
58.165
58.310083
58.443
58.584083
58.732
58.878
59.0
59.022
59.169208
59.311
59.466
59.616
59.752
59.882
60.0
60.016
60.164
60.306
60.43875
60.583
60.73
60.9
61.0
61.031
61.185
61.336
61.489
61.656
61.818
61.958042
62.0
62.134
62.29
62.459
62.609
62.785
62.934
63.0
63.065
63.214
63.35
63.476
63.612
63.728833
63.861
64.0
64.007
64.143
64.289
64.45
64.583
64.734
64.88
65.0
65.011
65.15
65.274
65.391
65.534
65.666
65.814
65.961083
66.0
66.117
66.306
66.45
66.601
66.743
66.879
67.0
67.045
67.182
67.325
67.471
67.635
67.789
67.921
68.0
68.079
68.222
68.369625
68.51
68.652
68.815
68.976125
69.0
69.11975
69.237
69.390416
69.512
69.647
69.796
69.946
70.0
70.084458
70.219125
70.365
70.486
70.615
70.753375
70.901125
71.0
71.04
71.201334
71.351
71.545
71.697
71.86
72.0
72.013
72.153
72.285
72.457
72.596
72.742
72.869
73.0
73.036
73.183
73.337
73.466
73.586
73.727
73.89
74.0
74.02925
74.17
74.338
74.478
74.621
74.752
74.882
75.0
75.005
75.138
75.270625
75.437
75.590917
75.73
75.894
76.0
76.041
76.186
76.349
76.488
76.639
76.767
76.928
77.0
77.087
77.2355
77.383375
77.525
77.666
77.821
77.989
78.0
78.123
78.261
78.401
78.560583
78.723
78.883
79.0
79.028
79.182
79.32225
79.463125
79.616
79.757
79.894
80.0
80.035
80.154
80.28
80.419
80.569
80.711291
80.86
81.0
81.032
81.19
81.334
81.485
81.632
81.76
81.891125
82.0
82.041
82.194
82.34
82.485
82.637
82.802
82.941
83.0
83.079
83.242
83.403
83.552875
83.699
83.865
84.0
84.128
84.271
84.412
84.55
84.69
84.825
84.975
85.0
85.105
85.242
85.374875
85.506
85.629
85.758
85.921
86.0
86.089
86.264
86.42
86.597
86.736
86.881
87.0
87.027
87.166458
87.305
87.462
87.657
87.812
87.969
88.0
88.118
88.280083
88.41825
88.549
88.703
88.851
88.992
89.0
89.158
89.306
89.454625
89.587
89.721
89.853
89.975
90.0
90.112
90.256
90.409
90.559
90.72
90.871
91.0
91.019
91.165
91.345
91.524
91.716
91.867958
92.0
92.034
92.178
92.342
92.488
92.629
92.791
92.947
93.0
93.122
93.261
93.447
93.614
93.777
93.94
94.0
94.086
94.247
94.45
94.647
94.817
94.978
95.0
95.122
95.267
95.406
95.56475
95.738
95.916
96.0
96.116
96.303
96.481
96.646
96.818
96.974
97.0
97.14
97.32
97.492
97.679
97.841
97.998
98.0
98.16
98.326
98.518
98.711
98.895
99.0
99.089
99.26
99.438
99.58
99.77
99.937
100.0
100.128
100.307
100.485
100.665
100.848
101.0
101.015
101.192
101.408
101.648708
101.832
101.992
102.0
102.183
102.406083
102.585917
102.769
102.956
103.0
103.145
103.337
103.537
103.735
103.942
104.0
104.151
104.349
104.550209
104.761583
104.932
105.138
105.29
105.49
105.699
105.898
106.103
106.317
106.58
106.809
107.047
107.239
107.41
107.62
107.825
108.0
108.046
108.2785
108.49
108.722
108.930292
109.137
109.377
109.655
109.868
110.0
110.044
110.241
110.452
110.658
110.91
111.13
111.386
111.628
111.88
112.108
112.344208
112.583292
112.785
112.993
113.251
113.466
113.705
114.011
114.212
114.488
114.75
115.049
115.296
115.523
115.771
116.031
116.34
116.667
116.917
117.202
117.441
117.699
117.964
118.232
118.498
118.81
119.0
119.106
119.374
119.612
119.899
120.174
120.462
120.742
121.008
121.317
121.685
121.998375
122.226
122.52
122.834
123.0
123.139541
123.421
123.716
124.044375
124.389
124.716959
124.99
125.302708
125.602
125.987
126.337
126.702875
127.102
127.455
127.776083
128.178
128.615
129.004
129.404
129.791
130.0
130.127167
130.433
130.832
131.205
131.657
132.023
132.43
132.857
133.199
133.64
134.0
134.12
134.499
134.936
135.292
135.638
136.016
136.411
136.907
137.323
137.725
138.0
138.231
138.725
139.176
139.650542
140.109
140.458
140.935
141.352
141.838
142.0
142.330792
142.791
143.0
143.244
143.732
144.298
144.839417
145.0
145.264
145.71
146.2215
146.734
147.311
147.869
148.318
148.993
149.536
150.080916
150.594
151.091
151.777
152.0
152.236
152.722
153.0
153.37
153.928
154.57
155.204
155.804
156.356
157.0
157.593
158.17
158.842
159.531
160.193
160.777
161.42
162.054
162.768
163.288
164.09
164.802
165.431
166.066
166.824
167.495
168.0
168.287
169.013
169.833
170.472
171.195
172.024542
172.723
173.0
173.461
174.304
174.974
175.548
176.237
176.82
177.408
178.006
178.552
179.335
180.184
180.863
181.793
182.593
183.347
184.31
185.236
186.124
187.091
187.88
188.0
188.976
189.995
190.844
191.88
192.0
192.929
194.099
195.158
196.142
197.24
198.388
199.554
200.762
201.852
203.115
204.516
205.534
207.034833
208.234917
209.848
211.343
213.058
214.786
216.63
218.478
220.628
222.733
225.005
227.64
230.118
233.026
235.94
239.692
243.811
248.623
253.0
253.561
259.205
265.595
274.233
283.921
293.309
304.189
316.431
329.213
345.756
381.596
1675.025334
